%YAML:1.0
---
camera_matrix: !!opencv-matrix
   rows: 3
   cols: 3
   dt: d
   data: [ 2.8403051970896677e+03, 0., 9.2131439013621241e+02, 0.,
       2.8031173965092121e+03, 2.0087941198400426e+03, 0., 0., 1. ]
dist_coeff: !!opencv-matrix
   rows: 1
   cols: 5
   dt: d
   data: [ 4.0262613521338314e-01, -3.2931270957718484e+00,
       -6.9961240296609320e-03, -3.9234976628996459e-04,
       1.3370399021661393e+01 ]
